1001,785
1001,785
1001,785
1001,785
1001,785
1001,785
1001,785
1001,785
1001,785
1001,785
1001,785
1001,785
1001,785
1001,785
1001,785
1001,785
1001,785
1001,785
1001,785
1001,785
1001,785
1001,785
1001,785
1001,785
1001,785
1001,785
1001,785
1001,785
1001,785
1001,785
1001,785
1001,785
1001,785
1001,785
1001,785
1001,785
1001,785
1001,785
1001,785
1010,785
1018,785
1022,785
1025,785
1028,785
1028,785
1029,785
1029,785
1029,785
1029,785
1029,785
1029,785
1029,785
1029,785
1029,785
1029,785
1029,785
1029,785
1029,785
1029,785
1029,785
1029,785
1029,785
1029,785
1029,785
1020,785
1001,785
963,785
904,785
839,781
798,776
781,774
776,773
774,773
773,773
773,773
774,773
775,773
776,773
777,773
778,773
779,773
779,773
779,773
779,773
779,773
779,773
779,773
779,773
779,773
779,773
779,773
779,773
779,773
779,773
779,773
779,773
779,773
779,773
779,773
779,773
779,773
779,773
779,773
779,773
779,773
779,773
779,773
779,773
779,773
779,773
779,773
779,773
779,773
779,773
779,773
779,773
779,773
779,773
779,773
779,773
779,773
779,773
779,773
779,773
779,773
779,773
779,773
779,773
779,773
779,773
779,773
779,773
779,773
779,773
779,773
779,773
779,773
779,773
779,773
779,773
779,773
779,773
779,773
779,773
779,773
779,773
779,773
779,773
779,773
779,773
779,773
779,773
779,773
779,773
779,773
779,773
779,773
779,773
779,773
779,773
779,773
779,773
779,773
779,773
779,773
779,773
779,773
779,773
779,773
779,773
779,773
779,773
779,773
779,773
779,773
779,773
779,773
779,773
779,773
779,773
779,773
779,773
779,773
779,773
779,773
779,773
779,773
779,773
779,773
779,773
779,773
779,773
779,773
779,773
779,773
779,773
779,773
779,773
779,773
779,773
779,773
779,773
779,773
779,773
779,773
779,773
779,773
779,773
779,773
779,773
779,773
779,773
779,773
779,773
779,773
779,773
779,773
779,773
779,773
779,773
779,773
779,773
779,773
779,773
779,773
779,773
779,773
779,773
779,773
779,773
779,773
779,773
779,773
779,773
783,771
870,712
975,645
1048,601
1100,573
1142,547
1183,519
1224,489
1259,462
1281,447
1290,439
1292,437
1293,436
1293,436
1282,436
1232,436
1184,436
1133,436
1055,444
990,451
954,452
941,450
938,444
965,408
1209,249
1368,164
1427,129
1441,116
1443,110
1443,106
1438,105
1345,143
1233,205
1144,264
1068,317
1031,346
1002,367
982,384
969,394
963,401
957,406
954,411
950,416
947,420
945,428
944,439
946,455
960,491
976,517
995,538
1011,555
1026,569
1036,583
1042,593
1046,602
1047,608
1047,613
1044,620
1039,627
1030,635
1019,640
1005,641
987,636
973,624
967,617
964,611
964,607
964,604
966,602
969,601
974,601
982,603
989,607
995,612
999,615
1001,619
1001,622
1001,625
996,629
987,631
982,631
979,631
976,631
975,631
975,630
975,630
975,630
975,630
975,630
975,630
975,630
975,630
975,630
975,630
975,630
975,630
975,630
975,630
975,630
975,630
975,630
975,630
975,631
975,631
975,631
975,631
975,631
975,631
975,631
975,631
975,631
975,631
975,631
975,631
975,631
975,631
975,631
975,631
975,631
975,631
975,631
975,631
975,631
975,631
975,631
975,631
975,631
975,631
975,631
975,631
975,631
975,631
975,631
976,630
1006,618
1209,534
1403,450
1501,410
1535,399
1544,397
1546,397
1546,397
1545,397
1490,433
1309,542
1185,613
1092,672
1025,719
994,741
984,749
981,752
979,752
979,752
979,751
980,750
981,749
981,748
981,748
981,748
981,748
981,748
981,747
981,747
981,747
981,747
981,747
981,747
981,747
981,747
981,747
981,747
981,747
981,747
981,747
981,747
981,747
981,747
981,747
981,747
981,747
981,747
981,747
981,747
981,747
981,747
981,747
981,747
981,747
981,747
981,747
981,747
981,747
981,747
981,747
981,747
981,747
981,747
981,747
981,747
981,747
981,747
981,747
981,747
981,747
981,747
981,747
981,747
981,747
981,747
981,747
981,747
981,747
981,747
981,747
981,747
981,747
981,747
981,747
981,747
981,747
981,747
981,747
981,747
981,747
981,747
981,747
981,747
981,747
981,747
981,747
981,747
981,747
981,747
981,747
981,747
981,747
981,747
981,747
981,747
981,747
981,747
981,747
981,747
981,747
981,747
981,747
981,747
981,747
981,747
981,747
981,747
981,747
981,747
981,747
981,747
981,745
977,736
971,719
966,699
961,686
958,676
955,665
954,654
953,643
952,635
952,627
952,623
952,620
951,616
950,614
950,611
949,610
949,609
949,609
949,609
949,608
947,607
946,606
942,604
927,602
807,631
623,716
421,841
332,897
303,915
297,916
296,915
296,912
300,903
319,877
423,769
558,656
709,548
826,476
879,446
899,435
903,432
904,432
904,432
904,432
895,438
818,489
708,559
610,625
545,673
516,692
507,697
504,697
503,697
505,692
591,607
845,396
1009,277
1104,210
1123,196
1125,195
1125,195
1125,195
1111,209
968,326
828,431
714,522
616,606
564,654
546,671
540,677
540,679
539,680
539,680
539,680
539,680
539,680
539,680
539,680
539,680
539,678
539,678
540,678
542,677
543,677
546,677
561,675
609,672
687,668
741,665
779,664
808,664
827,665
838,669
843,672
846,673
848,676
849,678
851,679
852,680
853,682
854,683
855,683
856,683
857,684
858,684
859,684
860,684
861,684
863,684
863,684
863,684
863,684
863,683
863,681
862,680
860,679
860,678
860,678
860,678
860,678
860,678
860,678
860,678
860,678
860,678
861,678
861,678
862,677
863,676
864,674
864,673
864,673
865,672
866,670
868,669
869,668
870,667
871,666
871,665
871,664
872,661
877,657
894,639
902,628
905,624
906,622
906,620
905,620
901,620
899,620
896,620
894,618
893,618
893,615
901,604
932,569
960,539
970,529
973,525
973,524
973,523
973,523
973,523
972,525
969,527
963,530
926,544
838,568
736,597
683,612
651,621
640,625
636,625
634,625
636,623
687,603
893,521
1070,460
1217,419
1322,387
1348,380
1354,378
1354,377
1355,377
1355,377
1345,378
1222,416
1142,442
1098,460
1063,477
1035,494
1016,503
1008,508
1006,508
1005,509
1004,510
1004,510
1004,510
1005,510
1006,510
1007,510
1007,510
1007,510
1007,510
1007,510
1007,510
1007,510
1007,510
1007,510
1007,510
1008,510
1008,510
1009,509
1010,509
1011,509
1012,508
1013,508
1013,507
1015,506
1017,504
1019,503
1021,503
1023,502
1025,502
1025,502
1027,502
1027,502
1027,502
1027,502
1027,502
1027,502
1027,502
1027,502
1027,501
1027,501
1026,501
1026,501
1026,501
1026,501
1026,501
1026,501
1026,501
1025,501
1025,501
1025,501
1025,501
1025,501
1024,501
1024,501
1024,501
1024,501
1024,501
1023,501
1023,501
1023,501
1023,501
1023,501
1023,501
1023,501
1023,501
1023,501
1023,501
1023,501
1023,501
1023,501
1023,501
1023,501
1023,501
1023,501
1023,501
1023,501
1023,501
1023,501
1023,501
1023,501
1023,501
1023,501
1023,501
1023,501
1023,501
1023,501
1023,501
1023,501
1023,501
1023,501
1023,501
1023,501
1023,501
1023,501
1023,501
1023,501
1023,501
1023,501
1023,501
1023,501
1023,501
1023,501
1023,501
1023,501
1023,501
1023,501
1023,501
1023,501
1023,501
1023,501
1023,501
1023,501
1023,501
1023,501
1023,501
1023,501
1023,501
1023,501
1023,501
1023,501
1023,501
1023,501
1021,488
1015,451
1011,405
1008,366
1007,338
1006,326
1006,320
1006,316
1006,314
1006,314
1006,315
1005,318
1005,322
1005,328
1007,334
1009,339
1010,343
1011,346
1012,349
1013,353
1014,355
1015,359
1017,365
1018,382
1020,430
1019,498
1019,562
1019,611
1019,654
1021,686
1022,700
1022,708
1022,712
1022,715
1022,716
1022,717
1023,718
1023,718
1023,718
1023,718
1023,717
1023,717
1023,716
1023,715
1023,715
1023,714
1023,714
1023,713
1023,713
1023,713
1023,713
1023,713
1023,713
1023,713
1023,713
1023,713
1023,713
1023,713
1023,713
1023,713
1023,713
1023,713
1023,713
1023,713
1023,713
1023,713
1023,713
1023,713
1023,713
1023,713
1023,713
1023,713
1023,713
1023,713
1023,713
1023,713
1023,713
1023,713
1023,713
1023,713
1023,713
1023,713
1023,713
1023,713
1023,713
1023,713
1023,713
1023,713
1023,713
1023,713
1023,713
1023,713
1023,713
1023,713
1023,713
1023,713
1023,713
1023,713
1023,713
1023,713
1023,713
1023,713
1023,713
1023,713
1023,713
1023,713
1023,713
1023,713
1023,713
1023,713
1023,713
1023,713
1023,713
1023,713
1023,713
1023,713
1023,713
1023,713
1023,713
1023,713
1023,713
1023,713
1023,713
1023,713
1023,713
1023,713
1023,713
1023,713
1023,713
1023,713
1023,713
1023,713
1023,713
1023,713
1023,713
1023,713
1023,713
1023,713
1023,713
1023,713
1023,713
1023,713
1023,713
1023,713
1023,713
1023,713
1023,713
1023,713
1023,713
1023,713
1023,713
1023,713
1023,713
1023,713
1023,713
1023,713
1023,713
1023,713
1023,713
1023,712
1024,705
1026,699
1027,691
1029,684
1030,678
1031,672
1032,665
1032,659
1032,654
1032,648
1032,641
1032,633
1032,618
1028,604
1026,591
1022,577
1018,567
1015,558
1012,553
1009,548
1008,544
1005,541
1003,538
1001,534
999,531
996,527
993,523
989,521
984,517
978,513
963,509
944,508
907,516
848,545
776,586
686,647
607,705
556,740
529,760
518,767
513,770
511,772
509,772
509,772
509,772
510,772
511,772
514,772
517,773
526,774
562,775
631,774
715,765
779,751
832,736
875,722
903,711
918,706
922,704
923,703
924,702
924,701
924,700
924,699
923,698
922,696
921,695
920,695
918,694
917,693
917,693
915,692
915,692
915,692
915,692
915,692
915,692
915,692
915,692
915,692
915,692
915,692
915,692
915,692
915,692
915,692
915,692
915,692
915,692
911,682
906,672
903,664
901,658
898,652
896,647
893,642
891,638
889,635
889,633
887,631
887,631
887,631
887,631
887,631
887,631
887,631
887,631
887,631
887,631
887,631
887,631
887,631
887,631
887,631
887,631
887,631
887,631
887,637
882,670
875,703
867,726
859,742
851,753
837,759
821,759
795,750
762,730
732,702
705,670
685,637
664,599
641,557
617,518
595,487
576,460
556,436
538,415
523,390
513,366
505,347
501,333
497,322
496,313
495,306
495,302
495,300
496,299
499,300
510,314
539,353
589,413
631,458
671,500
709,538
742,566
773,588
797,607
816,620
830,631
840,638
850,643
855,645
858,648
861,649
863,650
865,651
866,653
867,653
868,653
868,653
868,653
868,653
868,653
868,653
868,653
868,653
868,653
868,653
868,653
868,653
868,653
868,653
868,653
868,653
868,653
868,653
868,653
868,653
868,653
868,653
868,653
868,653
868,653
868,653
868,653
868,653
868,653
868,653
868,652
877,633
898,593
913,564
923,547
931,537
936,531
940,527
943,524
945,523
946,522
947,522
947,522
947,522
947,522
947,524
947,524
947,524
947,525
947,525
947,526
947,526
947,526
947,526
947,526
947,526
947,526
947,526
947,526
947,526
947,526
947,526
947,526
947,526
947,526
947,526
947,526
947,526
982,519
1069,503
1156,485
1246,468
1324,455
1381,448
1418,445
1433,445
1439,445
1441,445
1442,445
1440,448
1431,453
1357,493
1220,558
1161,581
1127,591
1108,594
1097,596
1091,597
1086,597
1084,597
1084,597
1082,597
1082,597
1082,597
1082,597
1082,597
1082,597
1082,597
1082,597
1082,597
1082,597
1082,597
1082,597
1082,597
1081,610
1078,629
1077,642
1076,650
1075,653
1075,655
1075,656
1075,646
1103,479
1148,324
1166,278
1172,265
1174,261
1176,259
1176,258
1176,258
1175,260
1174,263
1170,274
1147,313
1088,401
1051,458
1017,505
990,544
972,571
957,589
942,603
933,613
926,618
922,618
920,619
915,618
901,606
867,560
829,486
809,437
802,419
799,413
799,411
799,411
799,412
799,415
806,432
821,479
837,533
848,568
854,594
857,613
860,624
861,631
863,636
864,638
864,639
865,641
866,641
872,637
963,575
1056,513
1118,489
1173,470
1218,464
1234,465
1244,466
1249,468
1250,468
1252,469
1252,471
1247,475
1229,485
1196,502
1164,521
1138,539
1121,551
1099,564
1089,568
1082,573
1077,575
1073,576
1070,578
1068,578
1067,578
1066,578
1066,578
1066,578
1066,578
1066,578
1066,578
1066,578
1066,578
1066,578
1066,578
1066,578
1066,578
1066,578
1129,571
1190,544
1215,531
1227,525
1231,522
1232,522
1233,522
1231,522
1222,526
1204,534
1186,540
1173,542
1162,544
1149,543
1131,540
1119,534
1107,527
1098,522
1093,519
1088,515
1084,514
1079,514
1072,515
1051,529
1014,553
978,573
937,594
896,609
859,620
837,627
827,629
821,631
817,632
816,632
814,632
814,632
814,631
814,630
814,627
817,612
830,572
845,531
850,515
853,503
855,496
856,493
856,491
856,490
856,490
855,491
854,493
853,496
851,502
849,509
848,517
848,525
857,540
870,553
923,585
977,602
1036,614
1093,617
1138,617
1186,610
1227,599
1261,587
1287,576
1304,569
1316,561
1325,552
1332,540
1336,522
1335,506
1332,495
1327,488
1322,482
1311,477
1294,475
1269,477
1241,485
1210,496
1194,501
1185,504
1179,505
1175,505
1173,505
1173,504
1206,456
1279,350
1304,305
1312,286
1315,279
1315,276
1315,275
1311,275
1277,293
1201,349
1166,377
1142,394
1125,408
1111,418
1102,427
1097,431
1093,435
1091,436
1090,439
1089,441
1088,441
1088,441
1088,441
1087,442
1086,442
1084,443
1084,444
1082,444
1078,446
1064,448
1009,458
945,470
897,477
860,481
843,483
834,484
830,484
828,484
827,484
827,484
827,485
828,486
829,487
830,489
832,490
837,493
843,499
851,506
861,512
876,521
891,528
904,535
913,539
918,541
920,543
923,545
924,546
925,546
927,546
927,546
927,546
927,546
927,546
927,545
927,544
927,542
927,541
927,540
926,537
924,531
923,524
921,519
920,516
920,514
918,512
918,511
918,510
918,510
918,510
918,510
918,510
918,510
918,510
918,510
918,510
918,510
918,510
918,510
918,510
918,510
918,510
918,510
918,510
918,510
918,510
918,510
918,510
918,510
918,510
918,510
918,510
918,510
918,510
918,510
918,510
918,510
918,510
918,510
918,510
918,510
918,510
918,510
918,510
918,510
918,510
918,510
918,510
918,510
918,510
918,510
918,510
918,510
918,510
918,510
918,510
918,510
918,510
918,510
918,510
918,510
918,510
918,510
918,510
918,510
918,510
918,510
918,510
918,510
918,510
918,510
918,510
918,510
918,510
918,510
918,510
918,510
918,510
918,510
918,510
918,510
918,510
918,510
910,512
891,523
870,541
853,555
846,564
841,570
839,573
838,575
839,576
852,571
945,518
1111,394
1159,363
1193,343
1210,334
1215,330
1218,329
1219,328
1219,328
1215,328
1194,337
1069,397
965,458
907,494
886,509
873,518
865,527
860,532
857,535
856,538
855,538
855,539
855,539
855,539
855,539
857,539
860,537
867,534
885,525
895,521
901,518
905,517
910,517
915,517
920,522
926,533
934,550
940,573
945,599
949,614
952,624
954,629
955,632
956,634
957,634
959,631
958,569
935,446
909,379
892,342
882,329
875,322
870,319
868,318
866,318
865,320
865,324
866,329
870,343
879,371
886,393
894,413
902,430
907,443
910,450
914,456
915,460
916,462
918,465
919,466
920,468
920,468
920,468
920,468
920,468
920,468
920,468
920,468
920,468
920,468
920,468
920,468
920,468
920,468
920,468
920,468
920,468
920,468
920,468
920,468
920,468
920,468
920,468
920,468
920,468
920,468
920,468
924,470
931,477
937,481
942,485
947,488
951,491
954,493
957,495
960,498
962,500
964,503
966,504
969,505
970,506
973,507
983,507
1067,492
1190,466
1288,449
1371,440
1435,442
1480,452
1509,458
1521,461
1527,462
1530,462
1531,462
1531,462
1531,462
1528,462
1523,460
1514,455
1486,444
1409,425
1313,412
1259,412
1227,420
1209,425
1198,430
1190,434
1187,436
1185,437
1184,438
1184,439
1184,440
1183,441
1159,472
1128,504
1101,545
1072,593
1040,633
1022,658
998,665
985,672
978,677
973,684
970,690
966,695
962,690
964,581
975,510
984,477
991,455
996,437
998,426
998,420
998,417
998,416
998,415
996,415
993,416
988,420
976,429
950,444
929,454
913,459
903,462
897,462
894,462
891,462
890,462
890,462
890,462
890,462
890,462
890,462
890,462
890,462
890,462
890,462
890,462
890,462
891,462
891,462
891,462
891,462
891,462
891,462
891,462
891,462
891,462
891,462
891,462
891,462
891,462
891,462
891,462
891,462
891,462
891,462
891,462
891,462
891,462
891,462
891,462
866,460
760,456
678,460
630,465
599,471
583,474
577,475
573,475
573,475
573,475
573,475
574,475
578,475
592,475
637,481
702,492
775,503
848,514
917,524
976,536
1045,547
1093,554
1128,560
1157,563
1180,564
1198,564
1213,564
1223,564
1230,564
1234,564
1239,564
1243,564
1245,564
1249,564
1252,563
1256,562
1263,557
1270,546
1276,530
1276,515
1273,503
1267,494
1255,486
1227,475
1173,474
1142,479
1127,482
1119,487
1112,491
1107,496
1103,499
1100,503
1098,505
1097,507
1097,508
1096,509
1094,510
1094,511
1093,511
1093,511
1093,511
1093,511
1093,511
1093,511
1093,511
1092,513
1091,513
1090,514
1089,515
1087,517
1085,519
1082,522
1078,526
1072,532
1064,538
1055,545
1047,553
1036,565
1026,577
1018,589
1010,597
1008,601
1006,605
1004,606
1003,608
1002,609
1001,610
999,610
997,610
995,610
994,610
992,610
992,609
991,609
990,608
988,607
987,607
986,606
985,606
984,605
982,604
980,602
969,593
932,560
869,515
821,485
793,473
780,471
776,471
772,471
771,472
771,473
771,477
771,483
775,491
783,503
797,517
821,533
846,548
866,556
880,561
890,564
895,566
898,569
900,571
901,574
901,581
889,606
868,635
855,649
848,655
845,657
844,659
843,660
843,660
857,652
928,607
988,563
1047,509
1092,469
1118,446
1132,435
1136,431
1137,429
1138,428
1138,428
1137,428
1132,428
1114,436
1053,462
1022,482
1000,508
975,546
961,580
956,599
955,608
955,613
956,616
957,617
957,618
958,619
960,619
961,619
961,619
961,618
961,617
959,616
957,614
953,613
950,612
941,610
927,608
907,604
889,599
871,592
852,576
833,543
822,488
821,444
825,422
829,411
835,406
844,400
855,399
872,408
881,425
885,443
885,460
885,474
882,483
881,488
880,492
879,495
878,498
876,501
875,502
875,505
874,506
873,507
873,508
873,509
873,510
873,510
873,510
873,510
873,509
873,508
874,507
875,503
901,453
956,356
967,343
973,341
981,345
992,397
967,551
942,667
926,727
920,756
917,767
915,772
915,773
915,773
915,773
915,773
915,773
916,769
918,758
918,736
915,712
914,693
912,681
912,671
912,662
914,643
914,623
907,595
891,570
871,553
840,549
751,587
637,678
566,751
526,796
505,822
498,829
496,832
494,834
494,834
494,833
498,827
554,760
642,647
697,584
736,543
772,515
795,501
808,495
819,492
830,492
842,495
856,503
866,511
873,518
877,523
878,527
880,530
880,532
880,533
880,534
880,534
880,534
880,534
879,535
879,536
877,537
876,538
875,540
873,542
872,544
870,547
869,549
867,552
867,553
866,554
866,556
866,558
866,563
867,571
875,588
893,615
913,644
936,673
951,695
966,719
974,735
977,741
979,743
980,745
980,745
977,715
960,601
951,532
943,491
935,448
925,404
912,357
906,346
903,342
901,338
899,337
897,336
896,335
896,335
895,335
895,336
895,337
895,337
895,338
895,338
896,338
897,338
898,339
901,341
910,347
932,365
964,396
999,428
1033,455
1074,484
1131,514
1165,528
1188,533
1199,536
1207,536
1212,536
1216,535
1217,534
1218,531
1218,528
1217,525
1214,523
1211,521
1211,520
1209,520
1208,520
1207,520
1205,520
1202,521
1196,522
1189,525
1184,526
1177,528
1173,529
1170,530
1169,530
1168,530
1166,530
1166,530
1166,530
1166,530
1166,530
1166,530
1165,530
1164,531
1164,532
1163,533
1161,535
1158,536
1157,536
1153,539
1150,542
1146,544
1142,546
1140,548
1136,551
1135,552
1132,553
1130,554
1129,556
1128,556
1128,556
1128,556
1128,556
1128,556
1128,556
1128,556
1127,556
1126,556
1125,556
1123,556
1123,556
1122,556
1120,556
1119,555
1118,555
1117,554
1114,552
1112,552
1109,549
1104,545
1097,539
1093,535
1089,531
1085,529
1082,525
1080,523
1078,521
1077,520
1076,518
1074,517
1074,517
1074,517
1074,517
1074,517
1074,517
1074,517
1074,517
1074,517
1074,517
1074,517
1074,517
1074,517
1074,517
1074,517
1074,517
1074,517
1074,517
1074,517
1074,517
1074,517
1074,517
1074,517
1074,517
1074,517
1074,517
1074,517
1074,517
1074,517
1074,517
1074,517
1074,517
1074,517
1074,517
1074,517
1074,517
1074,517
1074,517
1074,517
1074,517
1074,517
1074,517
1074,517
1074,517
1074,517
1074,517
1074,517
1074,517
1074,517
1074,517
1074,517
1074,517
1074,517
1074,517
1074,517
1074,517
1074,517
1074,517
1074,517
1074,517
1074,517
1074,517
1074,517
1074,517
1074,517
1074,517
1074,517
1074,517
1074,517
1074,517
1074,517
1074,517
1074,517
1074,517
1074,517
1074,517
1074,517
1074,517
1074,517
1074,517
1074,517
1074,517
1074,517
1074,517
1074,517
1074,517
1074,517
1073,516
1069,515
1066,514
1063,513
1059,512
1055,510
1052,509
1048,508
1045,507
1041,506
1039,505
1038,504
1037,502
1036,501
1036,501
1036,501
1036,501
1036,501
1035,501
1033,500
1012,497
884,490
736,484
639,487
578,498
545,505
533,509
530,509
529,509
529,509
572,509
787,490
973,462
1149,427
1285,395
1367,385
1403,384
1424,382
1432,382
1435,382
1437,382
1438,382
1438,382
1437,382
1435,382
1433,382
1430,382
1426,382
1419,382
1411,381
1401,381
1393,381
1383,381
1374,381
1363,383
1353,386
1338,393
1285,433
1216,498
1150,564
1095,627
1055,678
1033,707
1020,723
1015,731
1013,733
1011,735
1011,736
1011,736
1011,736
1011,736
1011,736
1011,735
1011,734
1011,734
1011,733
1011,733
1011,732
1011,731
1011,730
1011,730
1011,730
1011,730
1011,730
1011,730
1011,730
1011,730
1011,730
1011,730
1011,730
1011,730
1011,730
1011,730
1011,730
1011,730
1011,730
1011,730
1011,730
1011,730
1011,730
1011,730
1011,730
1011,730
1011,730
1011,730
1011,730
1011,730
1011,730
1011,730
1011,730
1011,730
1011,730
1011,730
1011,730
1011,730
1011,730
1011,730
1011,730
1011,730
1011,730
1011,730
1011,730
1011,730
1011,730
1011,730
1014,730
1016,730
1016,730
1018,730
1018,730
1018,730
1018,730
1017,729
1015,729
1012,728
1011,728
1008,727
1005,727
1004,726
1002,726
1000,725
999,725
997,724
996,723
994,723
992,721
989,718
981,711
974,704
969,699
964,694
960,689
957,684
953,677
943,658
921,623
882,578
843,540
805,504
773,470
751,448
743,437
735,429
734,426
733,425
733,425
733,425
734,427
735,429
736,429
736,431
736,432
736,432
734,432
728,430
715,427
684,424
652,423
627,420
611,415
598,410
588,406
582,403
578,401
576,398
573,397
572,395
572,393
572,392
574,392
578,394
607,412
692,472
810,552
947,637
1118,708
1299,770
1459,804
1584,820
1661,820
1704,812
1726,803
1735,798
1736,797
1737,797
1738,796
1738,793
1735,790
1728,783
1711,771
1688,757
1665,746
1642,733
1617,720
1591,706
1564,692
1539,679
1522,673
1508,667
1493,662
1476,657
1456,652
1428,646
1395,640
1353,635
1307,632
1264,628
1227,623
1189,620
1135,618
1096,615
1069,612
1047,611
1031,607
1022,606
1018,604
1015,603
1013,603
1012,603
1012,603
1012,603
1012,603
1012,603
1012,603
1012,603
1012,603
1012,603
1012,603
1012,603
1012,603
1012,603
1012,603
1009,602
1004,597
996,590
984,579
974,570
963,562
953,553
945,548
935,542
923,537
911,533
900,531
891,528
884,527
877,527
871,527
867,527
863,528
857,530
852,530
852,530
852,530
852,530
852,530
852,530
852,530
852,530
852,530
852,530
852,530
852,530
852,530
852,530
852,530
852,530
852,530
852,530
852,530
852,530
852,530
852,530
816,522
744,504
699,494
674,487
659,484
653,481
651,480
651,478
657,477
751,450
863,413
918,390
945,380
951,377
953,375
953,374
950,372
917,368
824,369
728,381
637,399
607,405
599,405
597,405
595,405
595,405
597,404
652,388
794,337
867,310
906,295
935,287
942,287
945,287
947,289
943,298
897,347
795,448
731,514
703,544
688,566
684,576
681,582
680,586
680,587
680,590
683,591
689,592
700,590
716,585
731,579
745,575
758,570
767,567
773,565
778,564
780,563
784,563
784,563
785,563
785,563
785,563
785,563
785,563
785,563
785,564
785,564
785,564
785,566
785,566
785,567
785,569
785,570
785,570
785,571
785,571
785,571
785,571
785,571
785,571
785,571
785,571
785,571
785,572
785,572
785,572
785,572
785,572
785,572
785,572
785,572
785,571
785,571
785,570
785,569
784,567
783,566
782,565
780,564
779,562
779,560
779,559
779,558
779,557
779,556
779,556
779,556
779,556
779,556
779,556
779,556
779,556
779,556
779,556
779,556
779,556
779,556
779,556
781,556
782,556
785,556
871,541
1029,502
1129,478
1205,463
1260,453
1291,448
1299,446
1301,446
1302,446
1300,446
1271,451
1104,493
908,553
786,601
731,627
708,639
696,647
691,650
690,652
689,653
694,655
743,649
865,613
935,589
982,572
1030,557
1049,549
1057,547
1060,545
1061,544
1063,543
1063,543
1062,543
1059,543
1055,543
1051,543
1044,543
1037,543
1028,543
1020,544
1004,547
949,561
806,620
700,674
631,717
589,744
562,763
548,774
543,779
539,782
537,783
537,783
541,776
614,694
692,606
732,567
760,542
784,520
807,500
826,488
837,483
841,480
844,479
845,479
845,480
845,484
833,516
797,594
775,646
767,671
764,683
762,687
762,689
762,690
780,673
911,545
1006,456
1056,414
1091,389
1115,370
1132,356
1143,347
1148,343
1151,340
1153,339
1153,339
1152,341
1072,406
978,488
950,525
938,555
936,581
936,595
939,604
945,611
960,616
997,606
1076,557
1131,512
1162,485
1176,472
1180,467
1182,465
1183,463
1182,462
1147,473
926,578
837,631
790,661
733,704
701,727
679,750
670,759
667,764
665,766
665,769
667,774
705,776
807,749
864,727
908,704
947,680
970,665
978,660
979,659
980,659
976,662
921,693
828,752
782,781
754,795
739,801
732,804
727,805
724,805
722,805
723,801
786,713
862,612
905,567
931,543
942,535
947,530
948,529
950,529
950,529
950,530
949,531
947,535
945,538
942,540
942,541
940,541
939,541
936,539
932,534
929,529
925,525
921,521
920,519
918,517
917,515
915,514
915,513
915,513
915,513
915,513
915,513
915,513
915,513
914,513
914,513
914,513
913,513
913,513
912,513
911,513
910,513
909,513
908,512
907,511
905,509
904,509
903,507
903,504
901,503
900,502
899,500
898,499
898,498
898,497
898,497
898,497
900,497
901,497
902,497
903,497
904,497
905,497
906,496
907,496
907,496
907,495
907,495
907,495
907,494
907,494
907,494
907,494
907,494
907,494
907,494
907,494
907,494
907,494
907,494
907,494
907,494
907,494
907,494
907,494
907,494
907,494
907,494
907,494
907,494
907,494
907,494
907,494
907,494
907,494
907,494
907,494
907,494
907,494
907,494
907,494
907,494
907,494
907,494
907,494
907,494
907,494
907,494
907,494
907,494
907,494
907,494
907,494
907,494
907,494
907,494
907,494
907,494
907,494
907,494
907,494
907,494
907,494
907,494
907,494
907,494
907,494
907,494
907,494
907,494
907,494
907,494
907,494
907,494
907,494
907,494
907,494
907,494
907,494
907,494
954,494
1087,487
1191,474
1294,459
1347,449
1376,445
1387,441
1391,440
1393,440
1394,440
1394,440
1392,439
1384,439
1335,437
1277,436
1225,436
1182,443
1122,462
1058,493
999,535
948,577
918,609
899,631
886,645
881,652
877,656
875,658
875,659
874,659
874,659
874,658
874,657
874,655
875,653
876,650
877,648
878,646
880,643
880,640
881,635
885,625
889,602
890,557
889,538
884,528
882,522
879,520
877,519
876,518
874,518
873,518
873,519
873,519
873,521
873,523
870,528
864,536
856,547
847,556
837,561
821,565
812,565
804,565
791,565
773,565
752,563
734,559
719,550
700,528
678,486
656,428
641,371
633,323
627,294
624,279
622,273
622,270
622,268
622,268
625,272
646,303
707,417
751,520
783,602
801,650
816,688
824,712
828,728
831,738
832,743
832,747
833,749
833,750
833,750
833,750
833,749
831,742
828,663
828,627
828,605
828,588
827,578
825,571
825,568
825,566
825,565
824,564
824,564
823,564
821,563
817,561
805,556
775,543
727,523
674,500
635,476
611,451
586,413
578,386
572,362
568,346
566,336
565,325
563,314
562,305
561,299
559,294
558,292
557,291
557,291
557,292
557,299
571,341
627,473
689,580
729,633
747,653
752,658
754,658
754,657
746,646
705,590
653,515
613,454
598,427
592,414
590,408
590,407
592,407
607,423
677,493
767,593
830,658
881,701
924,725
947,732
962,729
990,699
1031,627
1057,567
1082,525
1094,505
1099,501
1100,500
1085,561
1017,754
968,881
948,932
944,942
943,944
969,896
1093,672
1170,525
1198,471
1199,468
1199,468
1174,494
1028,655
947,739
922,761
919,761
933,726
1068,501
1100,447
1105,439
1106,439
1078,468
918,637
811,744
784,768
780,769
780,768
860,683
958,589
987,562
991,557
988,561
893,644
774,737
773,737
797,716
938,608
966,587
970,584
970,585
884,658
723,782
688,806
684,808
737,763
905,640
964,599
972,594
972,594
916,637
753,746
718,766
712,767
735,748
899,629
965,583
977,576
977,576
963,588
811,702
770,730
764,732
770,726
954,603
1110,506
1147,485
1149,484
1104,518
918,643
857,680
851,681
857,676
1001,578
1117,506
1135,494
1136,494
1091,523
905,649
853,683
849,683
951,625
1130,528
1201,489
1207,484
1192,491
989,606
852,690
834,700
833,699
958,627
1195,489
1305,424
1315,419
1279,439
1043,571
880,659
843,675
841,675
888,640
1079,508
1194,425
1210,412
1209,410
1154,431
934,554
773,675
694,782
684,847
723,869
845,820
945,708
1014,563
1036,433
1032,368
1026,356
1025,355
1025,360
1025,395
1034,508
1043,566
1046,573
1046,574
1042,560
1013,423
994,324
990,305
989,303
990,314
1000,396
1013,496
1019,541
1022,549
1022,551
1012,525
973,396
953,341
951,333
951,335
956,363
970,436
982,480
983,491
983,493
982,492
953,421
929,348
924,336
926,338
942,381
977,463
995,498
997,506
998,507
982,476
910,327
873,255
868,246
870,252
901,328
942,431
963,471
967,479
967,480
959,466
895,336
858,265
855,256
856,258
873,292
908,360
928,397
933,406
934,407
922,375
885,271
852,181
850,176
853,180
875,216
927,295
952,328
959,335
959,336
952,325
872,206
822,133
822,137
849,192
905,298
935,339
943,349
945,349
937,315
860,134
842,97
840,95
848,115
902,227
970,336
1006,387
1016,398
1017,400
1017,399
993,364
945,294
926,272
924,271
924,272
926,287
942,361
960,449
972,506
979,538
981,548
981,549
980,548
947,494
887,355
872,321
870,316
870,319
877,350
898,446
913,498
918,516
919,518
919,519
918,510
891,398
874,329
869,310
868,306
868,304
868,304
868,304
869,305
869,307
869,308
869,309
869,310
869,310
869,310
868,310
868,310
868,311
867,311
867,311
867,311
866,311
866,311
864,311
863,311
862,310
859,308
853,305
843,303
826,303
804,303
787,303
771,306
762,308
755,309
751,309
748,309
745,309
744,309
741,309
740,310
739,310
738,310
737,311
736,311
735,312
734,312
734,313
733,313
732,313
732,313
731,314
731,314
730,314
729,314
727,314
727,314
726,314
725,314
723,314
722,314
722,314
721,315
721,315
721,315
721,315
721,315
721,316
721,316
721,316
721,316
721,316
721,316
722,316
722,316
723,316
723,316
724,316
724,316
724,316
724,316
724,316
724,316
725,316
725,316
726,316
726,316
726,316
728,316
729,316
730,314
732,313
736,310
741,308
746,306
753,303
761,300
771,298
780,296
787,295
795,294
811,295
842,306
898,324
984,344
1031,352
1064,358
1088,362
1103,365
1107,365
1109,365
1110,365
1111,365
1110,365
1108,364
1103,360
1093,352
1079,343
1066,336
1055,330
1044,326
1037,325
1033,324
1031,323
1029,323
1027,323
1027,323
1027,323
1025,325
992,345
908,390
879,408
850,430
801,476
773,519
768,530
767,540
767,545
768,550
770,554
772,556
776,557
788,550
897,435
986,323
1021,282
1048,247
1062,231
1067,223
1069,221
1069,220
1069,220
1069,234
1041,330
1007,430
985,494
974,526
969,544
964,557
961,565
959,569
958,572
957,572
956,572
955,572
953,572
951,570
949,566
946,564
944,561
941,559
941,559
939,557
938,557
937,557
934,558
930,560
920,564
903,570
890,574
874,577
850,581
829,583
812,582
794,576
773,566
756,553
737,534
715,496
700,459
689,415
686,392
684,383
683,378
683,376
684,375
689,375
713,385
773,406
838,426
883,437
905,444
915,448
922,452
925,453
928,455
929,456
930,457
930,457
930,457
930,457
929,457
928,457
927,456
926,456
925,455
925,455
925,455
925,455
925,455
925,455
925,455
925,455
925,455
925,455
925,455
925,455
925,455
925,455
925,455
925,455
925,455
925,455
925,455
925,455
925,455
925,455
925,455
925,455
925,455
925,455
925,455
925,455
925,455
925,455
925,455
925,455
925,455
925,455
925,455
925,455
925,455
925,455
925,455
925,455
925,455
925,455
925,455
925,455
925,455
925,455
925,455
925,455
925,455
925,455
925,455
925,455
925,455
925,455
925,455
925,455
925,455
925,455
925,455
925,455
925,455
925,455
925,455
925,455
925,455
925,455
925,455
925,455
925,455
925,455
925,455
925,455
925,455
925,455
925,455
925,455
925,455
925,455
925,455
925,455
925,455
948,448
998,431
1031,421
1050,415
1059,411
1063,410
1065,409
1066,409
1067,409
1067,409
1067,409
1067,409
1067,409
1067,409
1067,410
1067,410
1067,410
1066,411
1065,412
1064,412
1063,412
1063,412
1063,412
1063,412
1063,412
1063,412
1063,412
1062,412
1062,412
1061,412
1060,412
1058,411
1053,409
1025,405
899,419
661,500
533,557
457,594
417,611
402,616
397,617
394,617
393,617
393,616
399,611
430,594
495,558
584,518
704,468
779,445
843,425
895,410
934,401
963,395
981,391
989,389
993,388
995,388
995,388
995,390
981,406
909,474
852,535
810,583
792,610
781,625
778,632
777,634
776,636
776,637
831,586
1000,429
1118,331
1191,284
1237,261
1271,247
1284,241
1288,239
1289,239
1290,240
1288,245
1258,291
1196,375
1159,429
1131,472
1112,505
1099,531
1089,552
1081,569
1076,579
1073,586
1070,591
1069,593
1067,596
1067,597
1067,597
1068,592
1105,511
1165,382
1206,277
1212,244
1211,228
1205,215
1195,207
1168,205
1086,231
997,289
917,371
857,451
823,498
808,525
799,541
796,544
796,545
795,545
795,530
810,441
816,381
823,332
824,296
826,264
828,238
829,230
830,225
830,223
831,223
838,247
852,380
862,510
866,614
865,702
860,760
856,791
854,800
853,804
851,804
848,800
841,717
840,665
840,625
840,581
843,525
847,479
846,456
845,445
844,440
843,439
842,439
836,445
792,539
733,656
708,718
692,766
681,797
676,814
675,820
675,822
676,822
724,773
814,673
862,618
898,577
932,534
955,499
966,482
970,477
972,474
973,473
974,473
974,478
976,501
979,535
1083,530
1257,419
1376,336
1438,296
1476,276
1495,263
1502,259
1505,256
1505,255
1505,254
1503,254
1493,258
1401,304
1357,327
1331,340
1306,355
1277,370
1248,388
1223,404
1200,422
1182,436
1167,449
1158,455
1152,461
1148,464
1144,468
1140,470
1138,472
1136,473
1133,474
1130,474
1127,474
1123,474
1114,474
1105,474
1095,474
1080,473
1066,472
1060,472
1056,472
1052,472
1050,472
1050,472
1049,472
1049,472
1049,472
1049,472
1049,472
1049,472
1049,472
1049,472
1049,472
1049,472
1049,472
1049,472
1049,472
1049,472
1049,472
1049,472
1049,472
1049,472
1049,472
1049,472
1049,472
1049,472
1048,473
1034,484
1020,497
995,519
974,543
958,563
952,572
949,575
946,578
945,579
945,579
945,579
945,577
947,575
958,565
992,540
1017,524
1036,511
1050,503
1055,500
1060,498
1062,497
1063,497
1064,497
1064,497
1064,499
1063,501
1063,502
1062,505
1060,509
1058,513
1056,517
1055,521
1054,525
1053,527
1052,530
1052,531
1052,531
1052,531
1052,531
1053,530
1054,528
1058,526
1063,524
1067,521
1074,517
1078,515
1080,513
1081,512
1082,512
1083,512
1083,512
1082,513
1081,514
1080,515
1078,517
1075,519
1071,523
1067,526
1065,528
1062,531
1060,531
1060,532
1058,532
1058,532
1058,532
1058,531
1058,528
1060,515
1072,487
1082,463
1089,449
1092,442
1095,438
1097,437
1099,436
1101,437
1107,452
1109,471
1113,487
1113,494
1113,497
1113,501
1113,504
1113,504
1113,504
1111,504
1098,499
1055,484
983,468
913,457
846,449
779,442
723,435
675,431
657,429
649,429
645,429
644,429
643,429
643,428
643,428
644,428
647,428
652,428
661,428
676,428
693,428
720,430
736,433
747,437
770,448
812,475
824,485
832,490
836,494
839,497
843,500
845,501
847,501
850,501
852,500
858,495
869,486
878,475
884,469
888,466
891,463
892,462
894,461
895,461
895,461
895,461
895,463
895,466
895,468
895,471
895,473
895,474
895,475
895,477
895,477
895,477
895,477
895,477
894,477
894,477
894,476
894,475
894,474
895,472
898,468
903,464
907,460
912,456
917,454
920,453
923,452
925,452
926,452
926,452
926,452
926,452
926,452
926,452
926,452
926,452
926,452
926,452
926,454
926,454
925,454
924,455
924,455
924,456
924,456
924,456
924,456
924,456
924,456
924,456
924,456
924,456
924,456
924,456
924,456
924,456
923,456
921,456
913,458
849,480
744,519
695,546
662,568
643,582
632,591
625,598
623,601
622,601
622,601
624,601
663,583
799,521
922,469
1016,432
1085,408
1127,395
1152,386
1158,385
1161,384
1162,384
1162,385
1160,390
1134,416
1057,486
1003,530
961,565
930,590
899,612
884,622
875,628
871,629
869,630
868,630
866,629
866,618
874,585
888,549
904,522
921,502
932,491
941,485
952,478
964,472
981,466
990,463
994,462
998,462
1000,462
1001,462
1002,462
1003,462
1003,463
1003,465
1000,474
980,504
945,545
903,589
829,657
805,679
794,690
789,694
785,697
783,698
782,699
782,699
782,699
782,699
782,699
785,697
794,691
809,682
839,664
888,637
959,598
1007,575
1041,561
1059,554
1066,552
1069,552
1071,552
1071,556
1055,582
1012,630
978,668
956,686
944,696
939,701
935,704
933,706
931,707
930,707
930,707
930,707
930,707
929,703
929,691
931,655
936,592
940,536
941,504
944,487
944,473
944,461
944,457
944,454
944,451
944,451
944,451
944,451
944,451
944,451
944,452
943,453
942,454
941,456
940,459
938,462
934,465
929,470
922,478
915,483
910,487
906,491
903,492
900,493
899,493
899,493
899,493
899,492
900,490
904,487
910,484
915,483
922,483
925,484
929,488
932,492
934,496
936,497
937,500
937,502
937,503
937,504
937,505
937,505
937,505
937,505
937,505
937,505
937,505
937,505
937,505
937,505
937,505
937,505
937,505
937,505
937,505
937,505
937,505
937,505
937,505
937,505
937,505
937,505
937,505
937,505
937,505
937,505
937,505
937,505
937,505
937,505
937,505
937,505
937,505
937,505
937,505
937,505
937,505
937,505
937,505
937,505
937,505
937,505
937,505
937,505
937,505
937,505
937,505
937,505
937,505
937,505
937,505
937,505
937,505
937,505
937,505
937,505
937,505
937,505
937,505
937,505
937,505
937,505
937,505
937,505
937,505
937,505
937,505
937,505
937,505
937,505
937,505
937,505
937,505
937,505
937,505
937,505
937,505
937,505
937,505
937,505
937,505
937,505
937,505
937,505
937,505
937,505
937,505
937,505
937,505
937,505
937,505
937,505
937,505
937,505
937,505
937,505
937,505
937,505
937,505
937,505
937,505
937,505
937,505
937,505
937,505
937,505
937,505
937,505
937,505
937,505
937,505
937,505
937,505
937,505
937,505
937,505
937,505
937,505
937,505
937,505
937,505
937,505
937,505
937,505
937,505
937,505
937,505
937,505
937,505
937,505
937,505
937,505
937,505
937,505
937,505
937,505
937,505
937,505
937,505
937,505
937,505
937,505
937,505
937,505
937,505
937,505
937,505
937,505
937,505
945,520
969,553
1000,597
1035,642
1071,693
1103,749
1121,787
1133,815
1138,839
1140,859
1139,873
1137,890
1134,909
1133,928
1132,957
1130,985
1125,1013
1123,1025
1120,1029
1117,1033
1115,1037
1114,1038
1113,1040
1112,1042
1110,1043
1109,1043
1108,1044
1107,1044
1105,1044
1105,1044
1105,1044
1105,1044
1105,1044
1105,1044
1105,1044
1105,1044
1105,1044
1105,1044
1105,1044
1105,1044
1105,1044
1105,1044
1105,1044
1105,1044
1105,1044
1105,1044
1105,1044
1105,1044
1105,1044
1105,1044
1105,1044
1105,1044
1105,1044
1105,1044
1105,1044
1105,1044
1105,1044
1105,1044
1105,1044
1105,1044
1105,1044
1105,1044
1105,1044
1103,1038
1081,971
1055,896
1039,841
1022,791
996,733
974,698
952,667
933,641
912,618
891,596
879,582
872,574
868,571
867,569
865,569
864,569
862,569
861,569
860,569
860,569
860,569
860,569
860,570
860,571
860,572
860,572
860,572
860,572
860,574
860,574
860,574
860,574
860,574
860,574
860,574
860,574
860,574
860,574
860,574
860,574
860,574
860,574
860,574
860,574
860,574
860,574
860,574
860,574
860,574
860,574
860,574
860,574
860,574
860,574
860,574
860,574
860,574
860,574
860,574
860,574
860,574
860,574
860,574
860,574
860,574
860,574
860,574
860,574
